-118.61666666666666
-118.61666666666666
-118.58333333333333
-118.58333333333333
-118.55
-118.55
-118.51666666666667
-118.51666666666667
-118.48333333333333
-118.48333333333333
-118.45
-118.45
-118.41666666666667
-118.41666666666667
-118.38333333333334
-118.35
-118.35
-118.38333333333334
-118.41666666666667
-118.45
-118.45
-118.48333333333333
-118.51666666666667
-118.51666666666667
-118.51666666666667
-118.55
-118.55
-118.58333333333333
-118.58333333333333
-118.58333333333333
-118.61666666666666
