-116.88333333333334
-116.88333333333334
-116.88333333333334
-116.88333333333334
-116.88333333333334
-116.91666666666667
-116.91666666666667
-116.91666666666667
-116.91666666666667
-116.95
-116.98333333333333
-117.01666666666667
-117.01666666666667
-117.05
-117.05
-117.05
-117.08333333333333
-117.08333333333333
-117.08333333333333
-117.11666666666666
-117.11666666666666
-117.11666666666666
-117.11666666666666
-117.11666666666666
-117.15
-117.15
-117.15
-117.15
-117.18333333333334
-117.18333333333334
-117.21666666666667
-117.25
-117.25
-117.25
-117.25
-117.25
-117.28333333333333
-117.28333333333333
-117.25
-117.25
-117.25
-117.25
-117.28333333333333
-117.28333333333333
-117.28333333333333
-117.28333333333333
-117.31666666666666
-117.31666666666666
-117.31666666666666
-117.35
-117.35
-117.35
-117.38333333333334
-117.38333333333334
-117.41666666666667
-117.41666666666667
-117.45
-117.45
-117.48333333333333
-117.48333333333333
-117.51666666666667
-117.51666666666667
-117.55
-117.55
-117.58333333333333
-117.61666666666666
-117.61666666666666
-117.65
-117.65
-117.68333333333334
-117.71666666666667
-117.71666666666667
-117.75
-117.75
-117.78333333333333
-117.78333333333333
-117.81666666666666
-117.85
-117.85
-117.88333333333334
-117.91666666666667
-117.91666666666667
-117.95
-117.98333333333333
-117.98333333333333
-118.01666666666667
-118.01666666666667
-118.05
-118.05
-118.08333333333333
-118.08333333333333
-118.11666666666666
-118.15
-118.18333333333334
-118.21666666666667
-118.25
-118.28333333333333
-118.28333333333333
-118.31666666666666
-118.35
-118.35
-118.38333333333334
-118.41666666666667
-118.41666666666667
-118.41666666666667
-118.41666666666667
-118.41666666666667
-118.41666666666667
-118.45
-118.45
-118.45
-118.48333333333333
-118.48333333333333
-118.51666666666667
-118.55
-118.55
-118.58333333333333
-118.61666666666666
-118.65
-118.68333333333334
-118.68333333333334
-118.71666666666667
-118.75
-118.78333333333333
-118.81666666666666
-118.85
-118.85
-118.88333333333334
-118.91666666666667
-118.95
-118.98333333333333
-119.01666666666667
-119.01666666666667
-119.05
-119.08333333333333
-119.11666666666666
-119.15
-119.15
-119.18333333333334
-119.18333333333334
-119.21666666666667
-119.25
-119.25
-119.25
-119.28333333333333
-119.28333333333333
-119.28333333333333
-119.31666666666666
-119.35
-119.35
-119.38333333333334
-119.41666666666667
-119.41666666666667
-119.45
-119.45
-119.48333333333333
-119.51666666666667
-119.55
-119.55
-119.58333333333333
-119.61666666666666
-119.65
-119.68333333333334
-119.71666666666667
-119.71666666666667
-119.75
-119.75
-119.78333333333333
-119.81666666666666
-119.85
-119.88333333333334
-119.91666666666667
-119.91666666666667
-119.95
-119.98333333333333
-120.01666666666667
-120.05
-120.08333333333333
-120.11666666666666
-120.11666666666666
-120.15
-120.18333333333334
-120.21666666666667
-120.25
-120.28333333333333
-120.31666666666666
-120.31666666666666
-120.35
-120.38333333333334
-120.41666666666667
-120.45
-120.48333333333333
-120.48333333333333
-120.51666666666667
-120.51666666666667
-120.51666666666667
-120.55
-120.58333333333333
-120.61666666666666
-120.65
-120.65
-120.65
-120.61666666666666
-120.61666666666666
-120.61666666666666
-120.61666666666666
-120.61666666666666
-120.65
-120.65
-120.61666666666666
-120.61666666666666
-120.61666666666666
-120.61666666666666
-120.65
-120.68333333333334
-120.68333333333334
-120.68333333333334
-120.65
-120.65
-120.65
-120.65
-120.61666666666666
-120.61666666666666
-120.61666666666666
-120.65
-120.65
-120.68333333333334
-120.68333333333334
-120.71666666666667
-120.75
-120.75
-120.78333333333333
-120.78333333333333
-120.81666666666666
-120.85
-120.85
-120.88333333333334
-120.88333333333334
-120.91666666666667
-120.91666666666667
-120.88333333333334
-120.88333333333334
-120.88333333333334
-120.88333333333334
-120.88333333333334
-120.88333333333334
-120.91666666666667
-120.95
-120.98333333333333
-121.01666666666667
-121.01666666666667
-121.05
-121.05
-121.08333333333333
-121.08333333333333
-121.11666666666666
-121.11666666666666
-121.11666666666666
-121.15
-121.15
-121.18333333333334
-121.21666666666667
-121.25
-121.28333333333333
-121.28333333333333
-121.31666666666666
-121.31666666666666
-121.31666666666666
-121.31666666666666
-121.35
-121.35
-121.38333333333334
-121.38333333333334
-121.41666666666667
-121.45
-121.45
-121.45
-121.48333333333333
-121.48333333333333
-121.48333333333333
-121.51666666666667
-121.51666666666667
-121.55
-121.58333333333333
-121.58333333333333
-121.58333333333333
-121.61666666666666
-121.61666666666666
-121.65
-121.65
-121.68333333333334
-121.68333333333334
-121.71666666666667
-121.71666666666667
-121.75
-121.78333333333333
-121.78333333333333
-121.81666666666666
-121.85
-121.85
-121.88333333333334
-121.88333333333334
-121.88333333333334
-121.91666666666667
-121.91666666666667
-121.91666666666667
-121.91666666666667
-121.91666666666667
-121.95
-121.95
-121.95
-121.95
-121.98333333333333
-121.98333333333333
-121.95
-121.95
-121.91666666666667
-121.91666666666667
-121.88333333333334
-121.85
-121.85
-121.81666666666666
-121.81666666666666
-121.81666666666666
-121.81666666666666
-121.81666666666666
-121.81666666666666
-121.81666666666666
-121.81666666666666
-121.85
-121.85
-121.85
-121.88333333333334
-121.91666666666667
-121.95
-121.98333333333333
-122.01666666666667
-122.05
-122.08333333333333
-122.11666666666666
-122.11666666666666
-122.15
-122.18333333333334
-122.18333333333334
-122.21666666666667
-122.21666666666667
-122.25
-122.25
-122.28333333333333
-122.28333333333333
-122.31666666666666
-122.35
-122.35
-122.35
-122.38333333333334
-122.41666666666667
-122.41666666666667
-122.41666666666667
-122.41666666666667
-122.41666666666667
-122.41666666666667
-122.41666666666667
-122.41666666666667
-122.45
-122.45
-122.45
-122.48333333333333
-122.51666666666667
-122.51666666666667
-122.51666666666667
-122.51666666666667
-122.51666666666667
-122.48333333333333
-122.48333333333333
-122.48333333333333
-122.51666666666667
-122.51666666666667
-122.51666666666667
-122.51666666666667
-122.51666666666667
-122.55
-122.55
-122.58333333333333
-122.58333333333333
-122.61666666666666
-122.65
-122.68333333333334
-122.71666666666667
-122.71666666666667
-122.75
-122.75
-122.78333333333333
-122.78333333333333
-122.81666666666666
-122.81666666666666
-122.85
-122.88333333333334
-122.91666666666667
-122.91666666666667
-122.95
-122.95
-122.98333333333333
-122.98333333333333
-123.01666666666667
-123.01666666666667
-123.01666666666667
-122.98333333333333
-122.98333333333333
-122.98333333333333
-122.95
-122.95
-122.95
-122.98333333333333
-122.98333333333333
-122.98333333333333
-122.98333333333333
-123.01666666666667
-123.01666666666667
-123.05
-123.08333333333333
-123.08333333333333
-123.08333333333333
-123.08333333333333
-123.11666666666666
-123.11666666666666
-123.15
-123.15
-123.18333333333334
-123.21666666666667
-123.21666666666667
-123.25
-123.28333333333333
-123.28333333333333
-123.31666666666666
-123.35
-123.35
-123.35
-123.38333333333334
-123.38333333333334
-123.41666666666667
-123.41666666666667
-123.45
-123.45
-123.48333333333333
-123.48333333333333
-123.51666666666667
-123.55
-123.55
-123.58333333333333
-123.58333333333333
-123.61666666666666
-123.61666666666666
-123.65
-123.65
-123.68333333333334
-123.71666666666667
-123.71666666666667
-123.71666666666667
-123.71666666666667
-123.71666666666667
-123.68333333333334
-123.68333333333334
-123.68333333333334
-123.71666666666667
-123.71666666666667
-123.71666666666667
-123.75
-123.75
-123.78333333333333
-123.78333333333333
-123.78333333333333
-123.78333333333333
-123.78333333333333
-123.81666666666666
-123.81666666666666
-123.81666666666666
-123.81666666666666
-123.81666666666666
-123.81666666666666
-123.78333333333333
-123.78333333333333
-123.78333333333333
-123.78333333333333
-123.78333333333333
-123.78333333333333
-123.78333333333333
-123.81666666666666
-123.81666666666666
-123.81666666666666
-123.85
-123.85
-123.85
-123.85
-123.88333333333334
-123.91666666666667
-123.91666666666667
-123.91666666666667
-123.95
-123.95
-123.98333333333333
-123.98333333333333
-124.01666666666667
-124.01666666666667
-124.05
-124.08333333333333
-124.08333333333333
-124.08333333333333
-124.11666666666666
-124.11666666666666
-124.15
-124.18333333333334
-124.18333333333334
-124.21666666666667
-124.21666666666667
-124.25
-124.28333333333333
-124.28333333333333
-124.31666666666666
-124.31666666666666
-124.35
-124.35
-124.35
-124.35
-124.35
-124.38333333333334
-124.38333333333334
-124.41666666666667
-124.41666666666667
-124.38333333333334
-124.38333333333334
-124.38333333333334
-124.38333333333334
-124.35
-124.35
-124.35
-124.31666666666666
-124.31666666666666
-124.28333333333333
-124.28333333333333
-124.28333333333333
-124.25
-124.25
-124.25
-124.21666666666667
-124.21666666666667
-124.18333333333334
-124.18333333333334
-124.15
-124.15
-124.15
-124.15
-124.11666666666666
-124.11666666666666
-124.11666666666666
-124.11666666666666
-124.15
-124.15
-124.15
-124.15
-124.15
-124.11666666666666
-124.11666666666666
-124.11666666666666
-124.08333333333333
-124.08333333333333
-124.08333333333333
-124.08333333333333
-124.08333333333333
-124.05
-124.05
-124.05
-124.08333333333333
-124.08333333333333
-124.08333333333333
-124.08333333333333
-124.08333333333333
-124.11666666666666
-124.11666666666666
-124.11666666666666
-124.15
-124.15
-124.15
-124.15
-124.18333333333334
-124.21666666666667
-124.25
-124.25
-124.25
-124.21666666666667
-124.21666666666667
-124.21666666666667
-124.21666666666667
-124.21666666666667
-124.21666666666667
-124.21666666666667
-124.25
-124.25
-124.28333333333333
-124.31666666666666
-124.31666666666666
-124.35
-124.35
-124.35
-124.35
-124.38333333333334
-124.38333333333334
-124.38333333333334
-124.41666666666667
-124.41666666666667
-124.41666666666667
-124.41666666666667
-124.41666666666667
-124.41666666666667
-124.45
-124.45
-124.41666666666667
-124.41666666666667
-124.41666666666667
-124.41666666666667
-124.41666666666667
-124.41666666666667
-124.41666666666667
-124.41666666666667
-124.45
-124.45
-124.48333333333333
-124.48333333333333
-124.51666666666667
-124.51666666666667
-124.51666666666667
-124.55
-124.55
-124.55
-124.51666666666667
-124.51666666666667
-124.48333333333333
-124.48333333333333
-124.48333333333333
-124.45
-124.45
-124.45
-124.45
-124.41666666666667
-124.41666666666667
-124.41666666666667
-124.41666666666667
-124.38333333333334
-124.38333333333334
-124.38333333333334
-124.38333333333334
-124.38333333333334
-124.38333333333334
-124.35
-124.31666666666666
-124.31666666666666
-124.31666666666666
-124.28333333333333
-124.28333333333333
-124.28333333333333
-124.25
-124.25
-124.25
-124.21666666666667
-124.21666666666667
-124.21666666666667
-124.21666666666667
-124.21666666666667
-124.18333333333334
-124.18333333333334
-124.18333333333334
-124.18333333333334
-124.18333333333334
-124.15
-124.15
-124.15
-124.15
-124.15
-124.15
