32.016666666666666
32.05
32.08333333333333
32.11666666666667
32.15
32.15
32.18333333333334
32.21666666666667
32.25
32.25
32.25
32.25
32.28333333333333
32.28333333333333
32.31666666666666
32.35
32.35
32.38333333333333
32.416666666666664
32.416666666666664
32.45
32.483333333333334
32.516666666666666
32.55
32.55
32.58333333333333
32.61666666666667
32.65
32.65
32.68333333333334
32.68333333333334
32.68333333333334
32.71666666666667
32.75
32.78333333333333
32.81666666666666
32.81666666666666
32.85
32.85
32.88333333333333
32.916666666666664
32.95
32.95
32.983333333333334
33.016666666666666
33.05
33.05
33.08333333333333
33.11666666666667
33.11666666666667
33.15
33.18333333333334
33.18333333333334
33.21666666666667
33.21666666666667
33.25
33.25
33.28333333333333
33.28333333333333
33.31666666666666
33.31666666666666
33.35
33.35
33.38333333333333
33.38333333333333
33.38333333333333
33.416666666666664
33.416666666666664
33.45
33.45
33.45
33.483333333333334
33.483333333333334
33.516666666666666
33.516666666666666
33.55
33.55
33.55
33.58333333333333
33.58333333333333
33.58333333333333
33.61666666666667
33.61666666666667
33.61666666666667
33.65
33.65
33.68333333333334
33.68333333333334
33.71666666666667
33.71666666666667
33.75
33.75
33.75
33.75
33.75
33.75
33.75
33.71666666666667
33.71666666666667
33.71666666666667
33.75
33.75
33.75
33.78333333333333
33.81666666666666
33.85
33.88333333333333
33.916666666666664
33.916666666666664
33.95
33.983333333333334
33.983333333333334
34.016666666666666
34.016666666666666
34.016666666666666
34.05
34.05
34.05
34.05
34.05
34.016666666666666
34.016666666666666
34.016666666666666
34.016666666666666
34.016666666666666
34.016666666666666
34.05
34.05
34.05
34.05
34.05
34.05
34.08333333333333
34.08333333333333
34.08333333333333
34.08333333333333
34.08333333333333
34.11666666666667
34.11666666666667
34.15
34.15
34.15
34.18333333333334
34.21666666666667
34.21666666666667
34.25
34.28333333333333
34.28333333333333
34.28333333333333
34.31666666666666
34.31666666666666
34.31666666666666
34.35
34.35
34.38333333333333
34.38333333333333
34.38333333333333
34.38333333333333
34.41666666666667
34.41666666666667
34.41666666666667
34.41666666666667
34.41666666666667
34.41666666666667
34.38333333333333
34.38333333333333
34.41666666666667
34.41666666666667
34.41666666666667
34.41666666666667
34.41666666666667
34.41666666666667
34.45
34.45
34.45
34.45
34.45
34.45
34.45
34.483333333333334
34.483333333333334
34.483333333333334
34.483333333333334
34.483333333333334
34.483333333333334
34.483333333333334
34.45
34.45
34.45
34.45
34.45
34.45
34.483333333333334
34.483333333333334
34.516666666666666
34.55
34.55
34.55
34.55
34.55
34.58333333333333
34.61666666666667
34.61666666666667
34.65
34.68333333333334
34.71666666666667
34.75
34.75
34.78333333333333
34.78333333333333
34.81666666666666
34.85
34.88333333333333
34.88333333333333
34.88333333333333
34.91666666666667
34.95
34.95
34.983333333333334
35.016666666666666
35.05
35.05
35.08333333333333
35.11666666666667
35.11666666666667
35.15
35.15
35.18333333333334
35.18333333333334
35.18333333333334
35.15
35.15
35.18333333333334
35.18333333333334
35.18333333333334
35.21666666666667
35.21666666666667
35.25
35.25
35.28333333333333
35.28333333333333
35.31666666666666
35.35
35.38333333333333
35.41666666666667
35.45
35.45
35.45
35.45
35.45
35.483333333333334
35.483333333333334
35.516666666666666
35.516666666666666
35.55
35.55
35.58333333333333
35.61666666666667
35.61666666666667
35.65
35.65
35.65
35.65
35.65
35.68333333333334
35.68333333333334
35.71666666666667
35.75
35.78333333333333
35.78333333333333
35.81666666666666
35.81666666666666
35.85
35.85
35.85
35.88333333333333
35.91666666666667
35.91666666666667
35.95
35.983333333333334
35.983333333333334
36.016666666666666
36.016666666666666
36.016666666666666
36.05
36.08333333333333
36.08333333333333
36.11666666666667
36.11666666666667
36.15
36.15
36.18333333333334
36.18333333333334
36.21666666666667
36.21666666666667
36.21666666666667
36.25
36.25
36.25
36.28333333333333
36.28333333333333
36.31666666666666
36.35
36.35
36.38333333333333
36.41666666666667
36.45
36.483333333333334
36.483333333333334
36.516666666666666
36.55
36.58333333333333
36.58333333333333
36.61666666666667
36.61666666666667
36.65
36.65
36.61666666666667
36.61666666666667
36.61666666666667
36.65
36.65
36.68333333333334
36.71666666666667
36.75
36.78333333333333
36.81666666666666
36.85
36.88333333333333
36.88333333333333
36.91666666666667
36.95
36.95
36.95
36.95
36.95
36.95
36.95
36.95
36.95
36.983333333333334
36.983333333333334
36.983333333333334
37.016666666666666
37.016666666666666
37.05
37.05
37.08333333333333
37.08333333333333
37.11666666666667
37.11666666666667
37.11666666666667
37.15
37.18333333333334
37.18333333333334
37.18333333333334
37.21666666666667
37.25
37.28333333333333
37.31666666666666
37.35
37.38333333333333
37.41666666666667
37.41666666666667
37.45
37.483333333333334
37.483333333333334
37.483333333333334
37.516666666666666
37.55
37.58333333333333
37.61666666666667
37.61666666666667
37.65
37.68333333333334
37.68333333333334
37.71666666666667
37.75
37.78333333333333
37.81666666666666
37.81666666666666
37.85
37.85
37.88333333333333
37.88333333333333
37.88333333333333
37.88333333333333
37.88333333333333
37.91666666666667
37.91666666666667
37.95
37.95
37.983333333333334
37.983333333333334
38.016666666666666
38.016666666666666
38.016666666666666
38.016666666666666
38.05
38.05
38.016666666666666
38.016666666666666
37.983333333333334
37.983333333333334
38.016666666666666
38.05
38.05
38.08333333333333
38.11666666666667
38.11666666666667
38.15
38.18333333333334
38.18333333333334
38.21666666666667
38.25
38.28333333333333
38.28333333333333
38.31666666666666
38.31666666666666
38.31666666666666
38.35
38.38333333333333
38.41666666666667
38.41666666666667
38.45
38.45
38.483333333333334
38.483333333333334
38.483333333333334
38.516666666666666
38.516666666666666
38.516666666666666
38.55
38.55
38.55
38.58333333333333
38.61666666666667
38.61666666666667
38.65
38.65
38.68333333333334
38.68333333333334
38.71666666666667
38.71666666666667
38.75
38.75
38.75
38.78333333333333
38.78333333333333
38.81666666666666
38.81666666666666
38.85
38.85
38.88333333333333
38.88333333333333
38.88333333333333
38.91666666666667
38.95
38.983333333333334
39.016666666666666
39.016666666666666
39.05
39.08333333333333
39.08333333333333
39.11666666666667
39.15
39.15
39.18333333333334
39.18333333333334
39.21666666666667
39.25
39.28333333333333
39.31666666666666
39.31666666666666
39.35
39.38333333333333
39.41666666666667
39.45
39.483333333333334
39.483333333333334
39.516666666666666
39.55
39.58333333333333
39.61666666666667
39.65
39.68333333333334
39.68333333333334
39.71666666666667
39.75
39.75
39.78333333333333
39.81666666666666
39.85
39.85
39.85
39.88333333333333
39.91666666666667
39.91666666666667
39.95
39.95
39.983333333333334
39.983333333333334
40.016666666666666
40.016666666666666
40.016666666666666
40.05
40.08333333333333
40.08333333333333
40.11666666666667
40.11666666666667
40.11666666666667
40.150000000000006
40.150000000000006
40.18333333333334
40.18333333333334
40.18333333333334
40.21666666666667
40.21666666666667
40.25
40.25
40.28333333333333
40.31666666666666
40.349999999999994
40.38333333333333
40.38333333333333
40.41666666666667
40.41666666666667
40.45
40.45
40.483333333333334
40.516666666666666
40.55
40.55
40.58333333333333
40.61666666666667
40.61666666666667
40.650000000000006
40.650000000000006
40.68333333333334
40.71666666666667
40.71666666666667
40.75
40.78333333333333
40.78333333333333
40.81666666666666
40.81666666666666
40.849999999999994
40.849999999999994
40.88333333333333
40.91666666666667
40.95
40.95
40.983333333333334
41.016666666666666
41.05
41.05
41.08333333333333
41.11666666666667
41.150000000000006
41.18333333333334
41.18333333333334
41.21666666666667
41.25
41.25
41.28333333333333
41.31666666666666
41.349999999999994
41.38333333333333
41.38333333333333
41.41666666666667
41.45
41.45
41.483333333333334
41.516666666666666
41.55
41.58333333333333
41.58333333333333
41.61666666666667
41.650000000000006
41.650000000000006
41.68333333333334
41.71666666666667
41.75
41.75
41.75
41.75
41.78333333333333
41.81666666666666
41.81666666666666
41.849999999999994
41.88333333333333
41.91666666666667
41.95
41.983333333333334
42.016666666666666
42.016666666666666
42.05
42.05
42.05
42.08333333333333
42.08333333333333
42.11666666666667
42.150000000000006
42.18333333333334
42.18333333333334
42.21666666666667
42.25
42.25
42.28333333333333
42.31666666666666
42.349999999999994
42.38333333333333
42.41666666666667
42.41666666666667
42.45
42.45
42.483333333333334
42.516666666666666
42.55
42.58333333333333
42.61666666666667
42.650000000000006
42.68333333333334
42.68333333333334
42.71666666666667
42.71666666666667
42.75
42.75
42.78333333333333
42.81666666666666
42.81666666666666
42.849999999999994
42.88333333333333
42.88333333333333
42.91666666666667
42.91666666666667
42.95
42.983333333333334
42.983333333333334
43.016666666666666
43.05
43.08333333333333
43.08333333333333
43.11666666666667
43.150000000000006
43.18333333333334
43.18333333333334
43.21666666666667
43.25
43.28333333333333
43.31666666666666
43.349999999999994
43.349999999999994
43.349999999999994
43.38333333333333
43.41666666666667
43.41666666666667
43.45
43.483333333333334
43.483333333333334
43.516666666666666
43.55
43.55
43.58333333333333
43.61666666666667
43.650000000000006
43.68333333333334
43.68333333333334
43.71666666666667
43.75
43.78333333333333
43.81666666666666
43.81666666666666
43.849999999999994
43.88333333333333
43.91666666666667
43.95
43.983333333333334
