-119.91666666666667
-119.88333333333334
-119.85
-119.85
-119.81666666666666
-119.78333333333333
-119.75
-119.71666666666667
-119.68333333333334
-119.68333333333334
-119.65
-119.61666666666666
-119.61666666666666
-119.58333333333333
-119.55
-119.51666666666667
-119.51666666666667
-119.55
-119.55
-119.58333333333333
-119.61666666666666
-119.65
-119.68333333333334
-119.71666666666667
-119.71666666666667
-119.75
-119.78333333333333
-119.81666666666666
-119.81666666666666
-119.85
-119.88333333333334
-119.88333333333334
-119.88333333333334
-119.91666666666667
-119.91666666666667
